-0.726870
-0.726870
0.000000
0.000000
0.000000
0.000000
0.000000
0.000000
0.000000
0.000000
0.000000
1.000000
1.000000
0.000000
0.000000
0.000000
0.000000
0.000000
0.000000
0.000000
0.000000
0.000000
0.000000
0.000000
0.000000
0.000000
0.000000
0.000000
0.000000
0.000000
0.000000
0.000000
0.000000
-1.230787
-1.230787
0.924400
0.000000
0.543519
0.543519
-0.152632
-0.006499
-0.006499
0.294630
-1.470569
-0.971701
-0.971701
-0.082786
0.000000
0.000000
0.000000
0.398751
-0.108239
-0.690284
-0.690284
0.607335
-0.974855
-0.974855
0.463080
0.463080
0.655720
0.000000
-1.058882
0.290963
0.217495
0.217495
1.851449
0.000000
-0.997549
-0.997549
-0.771729
-0.737470
-0.737470
-0.217787
0.798344
0.183953
0.183953
1.984414
0.000000
0.000000
0.000000
0.670600
-1.225613
0.543519
0.543519
-0.278685
-0.267493
-0.267493
-0.690695
-0.690695
0.234271
0.000000
0.885784
1.739462
-1.304073
-1.304073
0.935029
0.000000
-0.038761
-0.038761
0.310875
-0.286755
-0.286755
-0.440802
-0.217010
0.059680
0.059680
0.613610
0.000000
0.000000
0.000000
-1.037432
-0.533626
-0.997549
-0.997549
0.187596
0.256104
0.256104
1.078296
1.078296
0.362045
0.000000
-0.004559
-0.300035
-0.323328
-0.323328
1.572643
0.000000
-0.318315
-0.318315
-0.463736
1.143208
1.143208
-0.432421
-1.474935
0.501553
0.501553
-0.528793
0.000000
0.000000
0.000000
0.997235
-0.624303
-0.038761
-0.038761
0.331352
0.749407
0.749407
0.904010
0.904010
0.846775
0.000000
-0.726664
0.375400
0.868136
0.868136
-1.343851
0.000000
0.539242
0.539242
-0.251280
-1.656607
-1.656607
1.803932
-0.503709
-0.233775
-0.233775
0.721097
0.000000
0.000000
0.000000
-1.875265
1.668413
-0.038761
-0.038761
1.535554
1.053850
1.053850
-1.696372
-1.696372
1.263171
0.000000
-0.726664
-0.570021
-2.135626
-2.135626
-1.589440
0.000000
-0.997310
-0.997310
1.934022
-0.594369
-0.594369
0.104473
-0.571738
0.007038
0.007038
-0.069298
0.000000
0.000000
0.000000
0.635280
-0.391844
-0.318315
-0.318315
0.080289
1.039473
1.039473
-0.110659
-0.110659
0.808906
0.000000
-1.058882
-0.362044
0.048005
0.048005
0.006418
0.000000
-0.040561
-0.040561
0.086642
-1.440400
-1.440400
-1.789866
-1.364097
-1.051082
-1.051082
0.204426
0.000000
0.000000
0.000000
-0.272812
-2.020386
0.539242
0.539242
-0.757781
-1.021964
-1.021964
0.016605
0.016605
-1.117223
0.000000
0.885784
-0.803901
1.525786
1.525786
-0.673873
0.000000
-0.316710
-0.316710
0.094075
1.548732
1.548732
-0.814783
-0.552349
-0.650538
-0.650538
1.661479
0.000000
0.000000
0.000000
0.292828
-1.000659
-0.997310
-0.997310
0.986108
-1.267238
-1.267238
-0.072216
-0.072216
-1.472026
0.000000
-0.004559
1.567593
-0.218422
-0.218422
0.251768
0.000000
0.610902
0.610902
-0.782996
1.472078
1.472078
2.644535
-1.870304
0.450774
0.450774
-1.419370
0.000000
0.000000
0.000000
-1.072962
2.531670
-0.997310
-0.997310
0.344874
-0.618634
-0.618634
0.362840
0.362840
-0.452926
0.000000
-0.004559
-1.562406
1.728196
1.728196
0.334905
0.000000
-0.957304
-0.957304
-0.051030
1.194605
1.194605
-0.611391
0.156299
-0.101979
-0.101979
0.111895
0.000000
0.000000
0.000000
-0.040630
-0.824051
-0.040561
-0.040561
0.652482
-0.677672
-0.677672
1.018657
1.018657
0.167930
0.000000
-0.726664
0.288247
0.695283
0.695283
0.744630
0.000000
-0.069810
-0.069810
-0.480563
-1.243014
-1.243014
-0.352422
-0.311468
-1.080517
-1.080517
1.608301
0.000000
0.000000
0.000000
-0.433633
-0.483550
-0.316710
-0.316710
1.038026
1.571261
1.571261
0.427456
0.427456
1.029555
0.000000
-1.058882
1.161491
0.869973
0.869973
-1.305004
0.000000
-0.366644
-0.366644
0.861680
1.234938
1.234938
0.580298
0.159292
-1.500549
-1.500549
1.076173
0.000000
0.000000
0.000000
0.657809
0.854899
0.610902
0.610902
0.780326
1.461087
1.461087
0.765546
0.765546
1.538057
0.000000
0.885784
0.661439
-0.533026
-0.533026
-2.156044
0.000000
0.606366
0.606366
0.008759
-1.448399
-1.448399
1.444365
-1.584311
0.061453
0.061453
-0.572583
0.000000
0.000000
0.000000
0.175988
1.588183
0.610902
0.610902
0.267541
-0.545726
-0.545726
-1.378865
-1.378865
1.954477
0.000000
0.885784
-1.025892
1.896799
1.896799
2.130641
0.000000
-0.957083
-0.957083
-0.983306
0.209386
0.209386
0.608901
-1.226286
-0.696971
-0.696971
-0.486045
0.000000
0.000000
0.000000
-0.898366
-0.167733
-0.957304
-0.957304
0.533763
-0.463519
-0.463519
0.917254
0.917254
1.160201
0.000000
-0.004559
-1.783801
0.284164
0.284164
0.167247
0.000000
-0.071603
-0.071603
0.802664
-1.207562
-1.207562
-0.556045
-0.491416
-0.359994
-0.359994
0.582149
0.000000
0.000000
0.000000
-1.716170
-0.643204
-0.069810
-0.069810
0.168023
-0.058462
-0.058462
1.195849
1.195849
0.943067
0.000000
-0.726664
-0.168039
1.348841
1.348841
-1.312928
0.000000
-0.364913
-0.364913
0.370950
-0.524767
-0.524767
-1.160600
-0.005425
-0.299858
-0.299858
0.198592
0.000000
0.000000
0.000000
-0.920577
-1.185524
-0.366644
-0.366644
-0.714118
0.907184
0.907184
0.516583
0.516583
1.378914
0.000000
0.000000
0.000000
0.000000
0.000000
0.000000
0.000000
0.000000
0.000000
0.000000
0.000000
0.000000
0.000000
0.000000
0.000000
0.000000
0.000000
0.000000
0.000000
0.000000
0.000000
0.000000
0.000000
0.000000
0.871291
0.871291
0.750723
-0.696538
-0.696538
-2.352994
-2.352994
0.291593
0.291593
-0.107111
-0.107111
-0.178275
1.426389
1.426389
1.628338
0.000000
1.392944
1.392944
1.100691
1.460250
1.460250
1.076483
1.076483
0.609340
0.609340
1.274427
-0.759344
-0.759344
-1.560731
0.000000
-1.738449
-1.738449
-1.162358
-1.372595
-1.372595
-1.994822
-1.994822
1.975876
1.975876
0.169789
0.650133
0.650133
0.975189
0.000000
0.517464
0.517464
0.406544
0.092009
0.092009
0.734449
0.734449
1.303901
1.841145
0.000000
0.000000
0.000000
0.000000
0.000000
0.000000
0.000000
0.000000
0.000000
0.000000
0.000000
0.000000
0.000000
0.000000
0.000000
0.000000
0.000000
0.000000
0.000000
0.000000
0.000000
0.000000
0.000000
0.000000
0.000000
0.000000
0.000000
0.000000
0.000000
0.000000
0.000000
0.000000
0.000000
0.000000
0.000000
0.000000
0.000000
0.000000
0.000000
0.000000
-0.353380
-0.353380
0.729550
0.729550
0.939735
-0.783298
0.000000
0.000000
-0.450648
-0.450648
-0.893979
-0.893979
-1.025673
-1.065297
0.000000
0.000000
-0.910551
-0.910551
-0.635760
-0.635760
1.298147
-0.136787
0.000000
0.000000
0.710150
0.710150
0.773513
0.773513
-0.690750
0.690380
-1.422358
0.021638
0.000000
0.000000
0.000000
0.877196
0.877196
-0.125211
-0.125211
1.488907
0.042798
0.000000
0.000000
0.000000
0.000000
0.859134
0.859134
-0.799216
0.000000
0.000000
0.000000
-0.829706
0.316353
0.316353
-1.318861
0.000000
0.000000
0.000000
0.360100
-0.163254
0.164606
1.343286
-0.751998
-1.095335
0.000000
-1.614488
-1.614488
0.000000
0.675083
0.675083
0.301171
0.116949
0.000000
0.000000
0.000000
-0.830423
-0.830423
0.000000
-0.736448
-0.736448
1.780295
1.780295
0.695289
-1.029799
0.000000
-1.029941
-0.058087
0.182891
0.182891
0.453700
0.453700
0.052912
0.052912
0.000000
0.000000
0.000000
0.000000
0.000000
0.000000
0.000000
-0.736448
-0.736448
1.780295
1.780295
0.213999
-1.344879
0.000000
0.000000
0.000000
0.000000
0.880566
0.880566
-1.110701
0.000000
0.000000
0.000000
-0.500458
-2.072508
-2.072508
1.136685
0.000000
0.000000
0.000000
-1.020049
-1.316332
1.289113
0.221856
0.103456
0.505779
0.000000
-0.974809
-0.974809
0.000000
0.859134
0.859134
0.308659
1.909390
0.000000
0.000000
0.000000
-1.614488
-1.614488
0.000000
0.663416
0.663416
-0.367034
-0.367034
2.069436
1.521665
0.000000
-0.475921
0.301416
0.182891
0.182891
-0.813959
-0.813959
0.298276
0.298276
0.000000
0.000000
0.000000
0.000000
0.000000
0.000000
0.000000
0.663416
0.663416
-0.367034
-0.367034
1.009434
0.068361
0.000000
0.000000
0.000000
0.000000
-0.747599
-0.747599
-1.524972
0.000000
0.000000
0.000000
-0.668846
-0.826213
-0.826213
-0.452004
0.000000
0.000000
0.000000
-0.095008
-0.311673
-1.987363
-2.321903
-0.871109
-0.817486
0.000000
1.182413
1.182413
0.000000
0.880566
0.880566
-0.914186
-0.942211
0.000000
0.000000
0.000000
-0.974809
-0.974809
0.000000
0.856480
0.856480
-1.426932
-1.426932
1.045694
0.363421
0.000000
-0.158129
0.339121
0.182891
0.182891
-0.268279
-0.268279
-0.492705
-0.492705
0.000000
0.000000
0.000000
0.000000
0.000000
0.000000
0.000000
0.856480
0.856480
-1.426932
-1.426932
-0.141323
-0.158169
0.000000
0.000000
0.000000
0.000000
0.675083
0.675083
-0.398133
0.000000
0.000000
0.000000
0.222670
-0.369880
-0.369880
-0.612667
0.000000
0.000000
0.000000
-0.542866
-1.000485
1.725784
0.930117
0.589960
0.169046
0.000000
-0.830423
-0.830423
0.000000
-0.747599
-0.747599
-0.079723
-1.022854
0.000000
0.000000
0.000000
1.182413
1.182413
0.000000
0.877196
0.877196
-0.125211
-0.125211
0.746211
2.416556
0.000000
1.467742
1.390214
0.182891
0.182891
-0.486567
-0.486567
0.392148
0.392148
0.000000
0.000000
0.000000
0.000000
0.000000
0.000000
0.000000
0.000000
0.000000
0.000000
0.000000
0.000000
0.000000
0.000000
0.000000
0.000000
0.000000
0.000000
0.000000
0.000000
0.000000
0.000000
0.000000
0.000000
0.000000
0.000000
0.000000
0.000000
0.000000
0.000000
0.000000
0.000000
0.000000
0.000000
1.141838
1.141838
-1.836503
0.000000
0.000000
0.000000
0.000000
0.000000
0.000000
0.000000
1.603378
2.638890
2.638890
1.440194
0.000000
0.000000
2.340690
0.676774
0.000000
0.000000
0.000000
0.000000
0.041635
-0.573270
-0.573270
1.853828
0.000000
0.000000
0.842448
0.688429
0.000000
0.000000
0.000000
0.000000
3.127707
2.642416
2.642416
0.720864
0.000000
0.000000
2.108469
0.732395
0.000000
0.000000
0.000000
0.000000
-1.335705
-2.648650
-2.648650
1.374825
0.000000
0.000000
-1.833066
0.893953
0.000000
0.000000
0.000000
0.000000
-0.264347
-0.237429
-0.237429
-1.511113
0.000000
0.000000
0.747051
1.537102
0.000000
0.000000
0.000000
0.000000
1.291043
1.600978
1.600978
-0.384992
0.000000
0.000000
1.031159
1.807737
0.000000
0.000000
0.000000
0.000000
0.615855
0.697492
0.697492
-1.928086
0.000000
0.000000
0.496957
1.584406
0.000000
0.000000
0.000000
0.000000
-1.600829
-2.446948
-2.446948
-0.938812
0.000000
0.000000
-1.691108
-1.407333
0.000000
0.000000
0.000000
0.000000
-1.469742
-2.359055
-2.359055
-0.217840
0.000000
0.000000
-1.395033
-1.429510
0.000000
0.000000
0.000000
0.000000
0.354718
0.693394
0.693394
0.096682
0.000000
0.000000
-0.691777
0.569746
0.000000
0.000000
0.000000
0.000000
-0.760967
-1.870810
-1.870810
-0.023423
0.000000
0.000000
-1.763458
-1.505295
0.000000
0.000000
0.000000
0.000000
1.025017
1.027195
1.027195
-1.215555
0.000000
0.000000
1.996380
2.945987
0.000000
0.000000
0.000000
0.000000
0.758495
-0.011126
-0.011126
-0.032476
0.000000
0.000000
0.610525
0.137788
0.000000
0.000000
0.000000
0.000000
0.448726
0.752678
0.752678
1.091875
0.000000
0.000000
1.352350
1.429510
0.000000
0.000000
0.000000
0.000000
0.030493
0.696363
0.696363
-0.302276
0.000000
0.000000
0.856718
0.081614
0.000000
0.000000
0.000000
0.000000
-0.877454
-1.797814
-1.797814
0.965265
0.000000
0.000000
0.000000
0.000000
0.000000
0.000000
0.000000
0.000000
0.000000
0.000000
0.000000
0.000000
0.000000
0.000000
0.000000
0.000000
0.000000
0.000000
0.000000
0.000000
0.000000
0.000000
0.000000
0.000000
0.000000
0.337771
0.337771
1.747535
1.747535
-0.359331
-0.461553
-0.461553
-0.873855
-0.873855
-0.172101
0.000000
0.000000
0.565760
-0.778375
-0.406459
-0.406459
-0.156222
-0.156222
0.744810
1.419434
1.419434
1.308925
1.308925
0.928124
0.000000
0.000000
1.651414
0.372339
-0.360505
-0.360505
-1.732393
-1.732393
0.199367
0.789829
0.789829
0.814921
0.814921
0.999145
0.000000
0.000000
-0.441074
0.697650
-0.132861
-0.132861
1.828343
1.828343
0.458450
0.214361
0.214361
-0.044773
-0.044773
0.106272
0.000000
0.000000
0.000000
0.000000
0.000000
0.000000
0.000000
0.000000
0.000000
0.000000
0.000000
0.000000
0.000000
0.000000
0.000000
0.000000
0.000000
0.000000
0.000000
0.000000
0.000000
-0.696538
-0.696538
-0.773978
-0.773978
-0.330535
-0.330535
-0.403630
-0.403630
0.106272
0.000000
0.000000
1.138239
0.000000
-0.743643
-0.743643
1.441924
1.441924
0.879521
0.879521
1.048222
1.048222
0.999145
0.000000
0.000000
1.195037
0.000000
1.906833
1.906833
-1.559652
-1.559652
1.038527
1.038527
0.459273
0.459273
0.928124
0.000000
0.000000
1.184807
0.000000
-0.430872
-0.430872
0.305528
0.305528
0.160380
0.160380
-0.582441
-0.582441
-0.172101
0.000000
0.000000
0.000000
0.000000
0.000000
0.000000
0.000000
0.000000
0.000000
0.000000
0.000000
0.000000
0.000000
0.000000
0.000000
0.000000
0.000000
0.000000
0.000000
0.000000
0.000000
0.000000
0.000000
0.000000
