0.000000
0.000000
0.000000
0.000000
0.000000
0.000000
0.000000
0.000000
0.000000
0.000000
0.000000
1.000000
1.000000
0.000000
0.000000
0.000000
0.000000
0.000000
0.000000
0.000000
0.000000
0.000000
0.000000
0.000000
0.000000
0.000000
0.000000
0.000000
0.000000
0.000000
0.000000
0.000000
0.000000
-39.059598
-39.059598
1.455123
0.000000
0.000000
0.000000
18.231088
-29.837470
-29.837470
19.147605
-10.749196
6.232280
6.232280
-14.916219
0.000000
0.000000
0.000000
15.910803
10.539816
0.000000
0.000000
24.584623
-3.607785
-3.607785
-3.601545
-3.601545
-11.131204
0.000000
0.000000
-11.778482
23.065419
23.065419
-14.179219
0.000000
0.000000
0.000000
12.472841
-24.176465
-24.176465
-1.854633
-5.968814
2.463371
2.463371
-43.133347
0.000000
0.000000
0.000000
-31.046629
-2.889986
0.000000
0.000000
-30.916433
12.837027
12.837027
-41.439506
-41.439506
-23.893666
0.000000
0.000000
-45.438971
-6.976655
-6.976655
-4.308861
0.000000
0.000000
0.000000
14.614493
-13.605510
-13.605510
12.892884
-11.008713
51.981555
51.981555
-25.533709
0.000000
0.000000
0.000000
-30.335835
13.585715
0.000000
0.000000
-40.082768
-37.868870
-37.868870
-5.916087
-5.916087
-45.303422
0.000000
0.000000
-37.197986
-21.282835
-21.282835
-14.045427
0.000000
0.000000
0.000000
-7.139451
18.418975
18.418975
-16.145780
-15.109766
-3.067790
-3.067790
0.206419
0.000000
0.000000
0.000000
27.198965
-15.569526
0.000000
0.000000
31.486387
-23.776269
-23.776269
37.494939
37.494939
-31.333442
0.000000
0.000000
29.856883
5.571233
5.571233
6.753041
0.000000
0.000000
0.000000
21.545873
-1.839512
-1.839512
27.435045
-1.258694
46.779415
46.779415
-20.810873
0.000000
0.000000
0.000000
16.210431
26.771449
0.000000
0.000000
-22.925331
15.048508
15.048508
12.927268
12.927268
8.271009
0.000000
0.000000
-9.673302
-5.584861
-5.584861
15.535142
0.000000
0.000000
0.000000
-21.411636
21.649435
21.649435
-2.117319
19.295164
9.648657
9.648657
0.731947
0.000000
0.000000
0.000000
-21.174394
-1.591767
0.000000
0.000000
1.874294
27.839450
27.839450
1.185455
1.185455
9.674028
0.000000
0.000000
-10.311699
-0.480910
-0.480910
-12.349932
0.000000
0.000000
0.000000
22.146322
-34.165030
-34.165030
12.256784
-23.147957
39.557329
39.557329
5.178166
0.000000
0.000000
0.000000
-1.086921
0.101998
0.000000
0.000000
-0.587552
-19.487874
-19.487874
-31.507427
-31.507427
31.029775
0.000000
0.000000
-15.911637
14.196594
14.196594
17.359302
0.000000
0.000000
0.000000
14.701497
21.241869
21.241869
2.034591
11.274835
56.176598
56.176598
-1.703681
0.000000
0.000000
0.000000
-41.777716
-2.627680
0.000000
0.000000
7.180355
-24.605529
-24.605529
6.349751
6.349751
4.234866
0.000000
0.000000
-6.191635
4.164989
4.164989
53.948402
0.000000
0.000000
0.000000
-36.082716
3.105680
3.105680
-11.303122
47.323631
-9.188556
-9.188556
-9.045279
0.000000
0.000000
0.000000
-35.839695
-21.627636
0.000000
0.000000
31.830479
13.189894
13.189894
-0.111364
-0.111364
-5.842696
0.000000
0.000000
1.953829
-31.446183
-31.446183
-12.218005
0.000000
0.000000
0.000000
24.081696
44.446159
44.446159
16.452258
-11.217109
-4.422186
-4.422186
33.244012
0.000000
0.000000
0.000000
18.544199
19.385059
0.000000
0.000000
7.420536
-18.817403
-18.817403
56.015357
56.015357
-1.950740
0.000000
0.000000
45.693773
-42.629954
-42.629954
7.357636
0.000000
0.000000
0.000000
20.839214
25.540878
25.540878
0.953966
-9.991920
21.479206
21.479206
-24.365104
0.000000
0.000000
0.000000
11.166955
12.813744
0.000000
0.000000
-33.425902
-10.030332
-10.030332
14.113432
14.113432
36.749379
0.000000
0.000000
-5.744283
4.021516
4.021516
-22.452156
0.000000
0.000000
0.000000
-7.732818
-9.579181
-9.579181
-21.040943
-22.641306
-18.617603
-18.617603
-38.613275
0.000000
0.000000
0.000000
-13.480019
-18.336736
0.000000
0.000000
-0.675569
18.765859
18.765859
-18.647735
-18.647735
29.137683
0.000000
0.000000
-5.508568
20.081867
20.081867
-27.758014
0.000000
0.000000
0.000000
10.252675
15.310223
15.310223
16.481258
-17.171718
-5.210845
-5.210845
9.632158
0.000000
0.000000
0.000000
27.750295
16.346532
0.000000
0.000000
7.217575
9.357016
9.357016
16.029218
16.029218
10.246225
0.000000
0.000000
24.606205
-42.740843
-42.740843
-17.553228
0.000000
0.000000
0.000000
24.367466
32.046534
32.046534
-4.673319
-34.235083
-1.558909
-1.558909
18.519165
0.000000
0.000000
0.000000
23.531453
-2.595609
0.000000
0.000000
18.601812
26.596172
26.596172
13.429112
13.429112
15.371405
0.000000
0.000000
38.589820
29.323012
29.323012
3.350758
0.000000
0.000000
0.000000
19.804603
15.428441
15.428441
-16.637409
14.467329
10.313063
10.313063
-5.019713
0.000000
0.000000
0.000000
-6.050600
-17.986277
0.000000
0.000000
-2.032807
32.693973
32.693973
-12.637771
-12.637771
44.459156
0.000000
0.000000
-16.954208
23.023804
23.023804
-0.401492
0.000000
0.000000
0.000000
-17.318732
5.542023
5.542023
6.316002
13.839802
-0.230267
-0.230267
-17.678050
0.000000
0.000000
0.000000
-10.083280
17.343156
0.000000
0.000000
-47.328878
0.243034
0.243034
10.997173
10.997173
26.734244
0.000000
0.000000
0.000000
0.000000
0.000000
0.000000
0.000000
0.000000
0.000000
0.000000
0.000000
0.000000
0.000000
0.000000
0.000000
0.000000
0.000000
0.000000
0.000000
0.000000
0.000000
0.000000
0.000000
0.000000
-5.253556
-5.253556
19.128154
-30.291067
-30.291067
-26.568481
-26.568481
4.797741
4.797741
-9.075901
-9.075901
25.697450
20.955718
20.955718
17.162696
0.000000
19.242588
19.242588
38.643048
-15.175575
-15.175575
6.955006
6.955006
10.558757
10.558757
-5.903022
-6.053348
-6.053348
-15.232165
0.000000
-2.595615
-2.595615
19.292797
-25.556030
-25.556030
-1.256414
-1.256414
-19.376932
-19.376932
11.344907
-3.622940
-3.622940
-24.667899
0.000000
-4.041949
-4.041949
-35.313718
-16.699685
-16.699685
-35.061891
-35.061891
-19.916816
-12.453018
0.000000
0.000000
0.000000
0.000000
0.000000
0.000000
0.000000
0.000000
0.000000
0.000000
0.000000
0.000000
0.000000
0.000000
0.000000
0.000000
0.000000
0.000000
0.000000
0.000000
0.000000
0.000000
0.000000
0.000000
0.000000
0.000000
0.000000
0.000000
0.000000
0.000000
0.000000
0.000000
0.000000
0.000000
0.000000
0.000000
0.000000
0.000000
0.000000
0.000000
0.000000
0.000000
0.000000
0.000000
0.000000
0.000000
0.000000
0.000000
0.000000
0.000000
0.000000
0.000000
0.000000
0.000000
0.000000
0.000000
0.000000
0.000000
0.000000
0.000000
0.000000
0.000000
0.000000
0.000000
0.000000
0.000000
0.000000
0.000000
0.000000
0.000000
0.000000
0.000000
0.000000
0.000000
0.000000
-5.421280
-5.421280
3.386319
3.386319
0.740935
-8.571914
0.000000
0.000000
0.000000
0.000000
-7.101400
-7.101400
-14.773067
0.000000
0.000000
0.000000
-2.651154
23.425622
23.425622
5.460903
0.000000
0.000000
0.000000
28.950456
39.936707
13.774916
25.275998
-15.223455
-8.364680
0.000000
-7.175122
-7.175122
0.000000
17.343931
17.343931
-33.797303
6.459316
0.000000
0.000000
0.000000
-33.019613
-33.019613
0.000000
-1.266930
-1.266930
-26.790768
-26.790768
31.358534
2.906396
0.000000
-7.809492
-6.636189
0.000000
0.000000
4.490790
4.490790
12.411283
12.411283
0.000000
0.000000
0.000000
0.000000
0.000000
0.000000
0.000000
-1.266930
-1.266930
-26.790768
-26.790768
16.209010
-9.446680
0.000000
0.000000
0.000000
0.000000
-5.634236
-5.634236
23.887752
0.000000
0.000000
0.000000
9.324431
-11.813705
-11.813705
-18.277683
0.000000
0.000000
0.000000
-37.292382
-21.716643
-18.403504
-46.969280
-17.444562
-9.603238
0.000000
-13.071675
-13.071675
0.000000
-7.101400
-7.101400
-10.521575
-1.573535
0.000000
0.000000
0.000000
-7.175122
-7.175122
0.000000
17.313783
17.313783
-16.453863
-16.453863
-8.689050
-12.451128
0.000000
-9.166755
-17.249637
0.000000
0.000000
-15.623459
-15.623459
-53.964524
-53.964524
0.000000
0.000000
0.000000
0.000000
0.000000
0.000000
0.000000
17.313783
17.313783
-16.453863
-16.453863
-4.026280
26.656856
0.000000
0.000000
0.000000
0.000000
-1.439228
-1.439228
6.405440
0.000000
0.000000
0.000000
-16.704519
8.665214
8.665214
-18.263504
0.000000
0.000000
0.000000
-8.123997
3.762709
-2.331240
-9.706191
-14.888601
-18.146782
0.000000
-16.779710
-16.779710
0.000000
-5.634236
-5.634236
42.925625
2.809217
0.000000
0.000000
0.000000
-13.071675
-13.071675
0.000000
-7.421008
-7.421008
-25.036950
-25.036950
-12.642843
20.268379
0.000000
-1.841571
1.406371
0.000000
0.000000
-3.102616
-3.102616
-16.689957
-16.689957
0.000000
0.000000
0.000000
0.000000
0.000000
0.000000
0.000000
-7.421008
-7.421008
-25.036950
-25.036950
26.716371
40.330337
0.000000
0.000000
0.000000
0.000000
17.343931
17.343931
19.451132
0.000000
0.000000
0.000000
-15.607896
-17.560370
-17.560370
7.255190
0.000000
0.000000
0.000000
0.140497
3.444955
-1.916050
16.706744
-12.707215
-5.597294
0.000000
-33.019613
-33.019613
0.000000
-1.439228
-1.439228
-22.395203
-13.784586
0.000000
0.000000
0.000000
-16.779710
-16.779710
0.000000
-5.421280
-5.421280
3.386319
3.386319
21.876583
0.762451
0.000000
43.086392
24.835079
0.000000
0.000000
28.558959
28.558959
-2.736861
-2.736861
0.000000
0.000000
0.000000
0.000000
0.000000
0.000000
0.000000
0.000000
0.000000
0.000000
0.000000
0.000000
0.000000
0.000000
0.000000
0.000000
0.000000
0.000000
0.000000
0.000000
0.000000
0.000000
0.000000
0.000000
0.000000
0.000000
0.000000
0.000000
0.000000
0.000000
0.000000
0.000000
0.000000
0.000000
0.000000
0.000000
0.000000
0.000000
0.000000
0.000000
0.000000
0.000000
0.000000
0.000000
0.000000
0.000000
0.000000
0.000000
0.000000
0.000000
0.000000
0.000000
0.000000
0.000000
0.000000
0.000000
0.000000
0.000000
0.000000
0.000000
0.000000
0.000000
0.000000
0.000000
0.000000
0.000000
0.000000
0.000000
0.000000
0.000000
0.000000
0.000000
0.000000
0.000000
0.000000
0.000000
0.000000
0.000000
0.000000
0.000000
0.000000
0.000000
0.000000
0.000000
0.000000
0.000000
0.000000
0.000000
0.000000
0.000000
0.000000
0.000000
0.000000
0.000000
0.000000
0.000000
0.000000
0.000000
0.000000
0.000000
0.000000
0.000000
0.000000
0.000000
0.000000
0.000000
0.000000
0.000000
0.000000
0.000000
0.000000
0.000000
0.000000
0.000000
0.000000
0.000000
0.000000
0.000000
0.000000
0.000000
0.000000
0.000000
0.000000
0.000000
0.000000
0.000000
0.000000
0.000000
0.000000
0.000000
0.000000
0.000000
0.000000
0.000000
0.000000
0.000000
0.000000
0.000000
0.000000
0.000000
0.000000
0.000000
0.000000
0.000000
0.000000
0.000000
0.000000
0.000000
0.000000
0.000000
0.000000
0.000000
0.000000
0.000000
0.000000
0.000000
0.000000
0.000000
0.000000
0.000000
0.000000
0.000000
0.000000
0.000000
0.000000
0.000000
0.000000
0.000000
0.000000
0.000000
0.000000
0.000000
0.000000
0.000000
0.000000
0.000000
0.000000
0.000000
0.000000
0.000000
0.000000
0.000000
0.000000
0.000000
0.000000
0.000000
0.000000
0.000000
0.000000
0.000000
0.000000
0.000000
0.000000
0.000000
0.000000
0.000000
0.000000
0.000000
0.000000
0.000000
0.000000
0.000000
0.000000
0.000000
0.000000
0.000000
0.000000
0.000000
0.000000
0.000000
0.000000
0.000000
0.000000
0.000000
0.000000
0.000000
0.000000
0.000000
0.000000
0.000000
0.000000
0.000000
0.000000
0.000000
0.000000
0.000000
0.000000
0.000000
0.000000
0.000000
0.000000
0.000000
0.000000
0.000000
0.000000
0.000000
0.000000
0.000000
0.000000
0.000000
0.000000
0.000000
0.000000
0.000000
0.000000
0.000000
0.000000
0.000000
0.000000
0.000000
0.000000
0.000000
0.000000
-13.056731
-13.056731
-12.578442
-12.578442
-40.322218
-14.615205
-14.615205
-13.063558
-13.063558
-17.474198
0.000000
0.000000
-7.809492
-7.477182
-36.869569
-36.869569
-20.517779
-20.517779
34.994297
21.622095
21.622095
14.798719
14.798719
11.404246
0.000000
0.000000
-9.166755
29.649145
13.863250
13.863250
-1.329077
-1.329077
-23.530345
-42.169367
-42.169367
-20.202357
-20.202357
-22.562268
0.000000
0.000000
-1.841571
-29.172386
-3.090322
-3.090322
-1.763418
-1.763418
-19.008110
6.581856
6.581856
16.939420
16.939420
-17.313073
0.000000
0.000000
0.000000
0.000000
0.000000
0.000000
0.000000
0.000000
0.000000
0.000000
0.000000
0.000000
0.000000
0.000000
0.000000
0.000000
0.000000
0.000000
0.000000
0.000000
0.000000
-30.291067
-30.291067
7.873011
7.873011
28.627484
28.627484
27.767524
27.767524
-17.313073
0.000000
0.000000
-29.767851
0.000000
-20.235451
-20.235451
-31.650474
-31.650474
-17.694353
-17.694353
-23.326559
-23.326559
-22.562268
0.000000
0.000000
-30.476967
0.000000
7.408349
7.408349
-29.154777
-29.154777
-16.400904
-16.400904
4.223415
4.223415
11.404246
0.000000
0.000000
28.284933
0.000000
14.830380
14.830380
-29.627654
-29.627654
-22.922706
-22.922706
-13.798865
-13.798865
-17.474198
0.000000
0.000000
0.000000
0.000000
0.000000
0.000000
0.000000
0.000000
0.000000
0.000000
0.000000
0.000000
0.000000
0.000000
0.000000
0.000000
0.000000
0.000000
0.000000
0.000000
0.000000
0.000000
0.000000
0.000000
